250
1 8
1 9
1 11
1 24
1 26
1 37
1 42
1 44
1 46
1 65
1 67
1 68
1 69
1 71
1 78
1 79
1 86
1 90
1 99
1 109
1 111
1 117
1 118
1 120
1 125
1 130
1 134
1 139
1 154
1 161
1 171
1 176
1 182
1 183
1 194
1 197
1 202
1 206
1 220
1 223
1 225
1 228
1 232
1 237
2 3
2 6
2 10
2 12
2 13
2 14
2 25
2 29
2 37
2 38
2 40
2 49
2 52
2 71
2 83
2 84
2 87
2 89
2 90
2 93
2 101
2 110
2 113
2 126
2 129
2 134
2 135
2 136
2 145
2 147
2 149
2 159
2 164
2 184
2 192
2 206
2 207
2 208
2 209
2 214
2 221
2 224
2 234
2 241
2 243
2 247
3 7
3 9
3 10
3 14
3 28
3 36
3 39
3 48
3 54
3 59
3 72
3 77
3 79
3 80
3 85
3 88
3 92
3 96
3 97
3 101
3 102
3 108
3 122
3 124
3 125
3 131
3 139
3 140
3 144
3 146
3 147
3 150
3 156
3 158
3 160
3 168
3 178
3 184
3 206
3 207
3 224
3 227
3 234
3 239
3 241
4 5
4 8
4 13
4 23
4 24
4 26
4 27
4 29
4 30
4 39
4 40
4 52
4 54
4 65
4 66
4 73
4 74
4 84
4 85
4 92
4 97
4 99
4 103
4 109
4 134
4 137
4 138
4 145
4 153
4 159
4 160
4 163
4 164
4 166
4 167
4 168
4 169
4 188
4 193
4 195
4 196
4 200
4 205
4 215
4 218
4 239
4 240
4 243
4 248
4 249
5 10
5 24
5 28
5 41
5 48
5 49
5 54
5 55
5 58
5 64
5 67
5 70
5 75
5 77
5 82
5 84
5 87
5 93
5 98
5 101
5 115
5 122
5 134
5 140
5 143
5 144
5 147
5 149
5 156
5 158
5 169
5 176
5 178
5 180
5 188
5 189
5 195
5 203
5 208
5 211
5 218
5 219
5 228
5 229
5 232
5 237
6 7
6 12
6 18
6 20
6 27
6 28
6 35
6 40
6 41
6 48
6 58
6 59
6 60
6 76
6 80
6 83
6 99
6 100
6 105
6 108
6 109
6 111
6 113
6 116
6 118
6 122
6 132
6 135
6 136
6 141
6 143
6 152
6 172
6 177
6 178
6 181
6 200
6 208
6 214
6 226
6 230
6 236
6 241
7 10
7 12
7 13
7 14
7 16
7 19
7 24
7 32
7 39
7 41
7 48
7 53
7 60
7 65
7 68
7 71
7 84
7 86
7 92
7 95
7 98
7 108
7 111
7 115
7 123
7 127
7 132
7 135
7 144
7 146
7 151
7 153
7 165
7 180
7 183
7 191
7 195
7 202
7 209
7 215
7 220
7 229
7 230
7 237
7 241
8 10
8 11
8 17
8 18
8 21
8 33
8 39
8 49
8 56
8 58
8 60
8 64
8 68
8 72
8 74
8 79
8 85
8 88
8 89
8 100
8 101
8 110
8 112
8 118
8 135
8 137
8 139
8 143
8 144
8 159
8 161
8 164
8 165
8 168
8 171
8 174
8 192
8 202
8 203
8 209
8 211
8 214
8 235
8 239
8 243
8 245
8 249
9 12
9 16
9 18
9 30
9 35
9 40
9 51
9 59
9 60
9 65
9 73
9 77
9 78
9 81
9 90
9 101
9 108
9 109
9 112
9 116
9 129
9 141
9 148
9 149
9 157
9 163
9 164
9 172
9 174
9 175
9 179
9 190
9 200
9 204
9 207
9 208
9 209
9 212
9 214
9 215
9 231
9 236
9 244
9 247
10 19
10 22
10 24
10 26
10 34
10 43
10 45
10 50
10 52
10 53
10 58
10 59
10 64
10 68
10 84
10 89
10 92
10 93
10 99
10 125
10 129
10 141
10 147
10 162
10 169
10 170
10 174
10 177
10 187
10 189
10 195
10 200
10 207
10 224
10 225
10 234
10 236
10 240
10 242
10 246
10 247
11 12
11 20
11 22
11 23
11 28
11 29
11 46
11 51
11 55
11 61
11 66
11 68
11 70
11 79
11 85
11 95
11 96
11 102
11 104
11 106
11 113
11 125
11 130
11 137
11 138
11 141
11 142
11 154
11 166
11 175
11 178
11 184
11 186
11 187
11 190
11 191
11 196
11 202
11 208
11 215
11 216
11 237
11 241
12 18
12 24
12 26
12 29
12 35
12 40
12 42
12 56
12 64
12 65
12 66
12 69
12 76
12 83
12 86
12 99
12 102
12 110
12 115
12 122
12 127
12 134
12 135
12 136
12 138
12 144
12 145
12 148
12 152
12 156
12 165
12 174
12 177
12 181
12 187
12 188
12 194
12 203
12 205
12 208
12 213
12 217
12 225
12 231
12 244
12 247
12 250
13 15
13 17
13 18
13 30
13 38
13 39
13 41
13 43
13 47
13 48
13 50
13 51
13 52
13 54
13 55
13 58
13 59
13 61
13 64
13 65
13 70
13 76
13 88
13 95
13 100
13 104
13 108
13 109
13 110
13 112
13 116
13 131
13 136
13 144
13 147
13 148
13 150
13 159
13 169
13 170
13 171
13 174
13 180
13 182
13 188
13 197
13 200
13 204
13 206
13 207
13 208
13 213
13 214
13 217
13 235
13 236
13 238
13 245
13 248
13 249
14 21
14 29
14 32
14 33
14 34
14 42
14 44
14 49
14 50
14 53
14 60
14 65
14 66
14 77
14 82
14 89
14 109
14 115
14 120
14 122
14 125
14 128
14 130
14 140
14 145
14 147
14 149
14 163
14 178
14 181
14 182
14 184
14 186
14 194
14 199
14 207
14 208
14 211
14 220
14 225
14 226
14 229
14 230
14 232
14 239
14 240
14 241
14 245
15 30
15 35
15 40
15 42
15 43
15 45
15 47
15 61
15 68
15 74
15 77
15 81
15 86
15 94
15 101
15 119
15 120
15 123
15 126
15 131
15 134
15 135
15 136
15 138
15 139
15 142
15 145
15 146
15 151
15 152
15 154
15 162
15 166
15 168
15 177
15 179
15 180
15 183
15 185
15 193
15 194
15 211
15 214
15 218
15 222
15 226
15 234
15 244
15 249
16 20
16 23
16 31
16 36
16 54
16 56
16 57
16 63
16 71
16 78
16 86
16 88
16 90
16 92
16 93
16 110
16 113
16 120
16 121
16 130
16 134
16 137
16 140
16 150
16 156
16 166
16 168
16 171
16 174
16 183
16 184
16 185
16 198
16 200
16 206
16 209
16 211
16 215
16 220
16 222
16 226
16 229
16 237
16 244
17 18
17 26
17 27
17 48
17 55
17 56
17 67
17 70
17 77
17 80
17 84
17 89
17 101
17 109
17 114
17 116
17 122
17 129
17 136
17 137
17 141
17 142
17 150
17 169
17 172
17 177
17 181
17 185
17 187
17 188
17 192
17 201
17 206
17 210
17 225
17 226
17 230
17 236
17 238
17 248
17 250
18 29
18 42
18 43
18 46
18 48
18 68
18 69
18 82
18 84
18 88
18 97
18 98
18 103
18 109
18 138
18 141
18 148
18 151
18 153
18 157
18 158
18 161
18 163
18 168
18 172
18 173
18 174
18 175
18 177
18 180
18 181
18 192
18 196
18 197
18 199
18 200
18 203
18 206
18 217
18 219
18 220
18 224
18 228
18 231
18 234
18 237
18 244
18 245
18 246
18 247
18 249
19 20
19 22
19 32
19 38
19 39
19 53
19 54
19 61
19 74
19 81
19 82
19 92
19 93
19 94
19 95
19 96
19 105
19 111
19 115
19 120
19 122
19 124
19 126
19 127
19 132
19 142
19 146
19 148
19 150
19 163
19 168
19 185
19 186
19 194
19 197
19 199
19 211
19 221
19 223
19 225
19 230
19 244
20 22
20 24
20 26
20 31
20 37
20 43
20 52
20 54
20 56
20 60
20 61
20 62
20 63
20 66
20 71
20 73
20 76
20 83
20 87
20 90
20 93
20 94
20 97
20 101
20 102
20 107
20 109
20 122
20 136
20 137
20 142
20 171
20 174
20 180
20 182
20 183
20 189
20 193
20 195
20 196
20 199
20 204
20 205
20 217
20 221
20 232
20 239
20 248
21 46
21 52
21 54
21 55
21 57
21 60
21 62
21 64
21 65
21 67
21 71
21 73
21 76
21 77
21 91
21 94
21 98
21 102
21 107
21 116
21 128
21 137
21 140
21 144
21 147
21 150
21 153
21 162
21 167
21 178
21 179
21 182
21 183
21 189
21 197
21 199
21 204
21 206
21 214
21 215
21 216
21 221
21 222
21 224
21 242
21 248
22 25
22 28
22 35
22 44
22 50
22 52
22 57
22 59
22 62
22 66
22 71
22 73
22 75
22 77
22 81
22 84
22 86
22 91
22 94
22 97
22 104
22 119
22 120
22 125
22 126
22 131
22 146
22 150
22 155
22 162
22 165
22 166
22 178
22 180
22 188
22 192
22 194
22 201
22 204
22 213
22 217
22 219
22 226
22 228
22 229
22 230
22 231
22 235
22 237
22 238
22 241
22 242
22 245
22 250
23 27
23 31
23 34
23 42
23 45
23 50
23 55
23 56
23 65
23 80
23 86
23 101
23 103
23 111
23 117
23 120
23 122
23 124
23 127
23 137
23 143
23 147
23 158
23 162
23 173
23 175
23 181
23 185
23 187
23 188
23 189
23 209
23 212
23 216
23 219
23 220
23 223
23 229
23 234
23 241
23 242
24 26
24 28
24 37
24 50
24 56
24 63
24 66
24 75
24 78
24 91
24 93
24 95
24 96
24 98
24 112
24 114
24 118
24 122
24 131
24 132
24 133
24 135
24 151
24 160
24 161
24 163
24 168
24 173
24 188
24 193
24 197
24 200
24 205
24 208
24 214
24 215
24 216
24 229
24 230
24 235
24 238
24 239
24 249
25 28
25 29
25 35
25 37
25 38
25 40
25 42
25 44
25 45
25 46
25 47
25 55
25 64
25 68
25 69
25 73
25 77
25 79
25 94
25 117
25 123
25 126
25 132
25 134
25 138
25 140
25 150
25 152
25 155
25 160
25 166
25 174
25 175
25 182
25 192
25 206
25 211
25 213
25 215
25 217
25 235
25 240
25 250
26 29
26 30
26 39
26 44
26 51
26 55
26 56
26 58
26 62
26 65
26 67
26 72
26 73
26 79
26 81
26 82
26 86
26 101
26 103
26 111
26 120
26 126
26 133
26 151
26 165
26 176
26 181
26 189
26 192
26 198
26 199
26 207
26 216
26 218
26 220
26 225
26 228
26 231
26 232
26 236
26 239
26 242
26 245
27 30
27 33
27 40
27 43
27 45
27 56
27 64
27 65
27 67
27 72
27 83
27 87
27 90
27 92
27 93
27 99
27 104
27 107
27 108
27 109
27 114
27 137
27 138
27 140
27 145
27 150
27 151
27 166
27 167
27 180
27 184
27 189
27 193
27 198
27 200
27 203
27 212
27 215
27 217
27 247
28 36
28 38
28 39
28 42
28 46
28 50
28 56
28 67
28 68
28 69
28 79
28 85
28 91
28 93
28 96
28 97
28 100
28 101
28 102
28 103
28 108
28 109
28 115
28 117
28 125
28 126
28 127
28 130
28 131
28 146
28 157
28 171
28 172
28 188
28 196
28 199
28 210
28 218
28 235
28 238
28 244
28 245
29 43
29 47
29 54
29 60
29 62
29 65
29 69
29 73
29 77
29 87
29 88
29 89
29 104
29 111
29 123
29 128
29 129
29 132
29 140
29 144
29 159
29 160
29 161
29 165
29 166
29 167
29 170
29 176
29 178
29 179
29 182
29 188
29 192
29 196
29 199
29 203
29 210
29 211
29 212
29 222
29 224
29 234
29 236
29 239
29 244
29 246
30 32
30 33
30 47
30 57
30 62
30 64
30 66
30 68
30 69
30 75
30 85
30 86
30 97
30 100
30 106
30 107
30 108
30 112
30 130
30 142
30 143
30 147
30 158
30 160
30 169
30 172
30 180
30 190
30 195
30 205
30 211
30 223
30 226
30 231
30 233
30 240
30 241
30 245
30 247
31 33
31 39
31 40
31 45
31 50
31 58
31 67
31 72
31 75
31 89
31 97
31 101
31 106
31 109
31 111
31 116
31 117
31 127
31 131
31 136
31 137
31 143
31 156
31 161
31 162
31 164
31 168
31 172
31 185
31 189
31 193
31 197
31 200
31 204
31 208
31 219
31 223
31 224
31 225
31 226
31 231
31 232
31 233
31 242
31 245
32 34
32 37
32 39
32 41
32 47
32 49
32 50
32 57
32 66
32 67
32 79
32 81
32 83
32 88
32 89
32 96
32 111
32 128
32 134
32 138
32 142
32 146
32 148
32 152
32 154
32 157
32 158
32 159
32 164
32 165
32 166
32 168
32 177
32 178
32 182
32 190
32 193
32 200
32 204
32 208
32 218
32 220
32 223
32 226
32 229
32 230
32 231
32 235
32 236
32 237
32 243
32 249
33 34
33 49
33 53
33 54
33 70
33 82
33 86
33 89
33 104
33 111
33 113
33 114
33 121
33 122
33 125
33 127
33 133
33 149
33 152
33 160
33 168
33 171
33 175
33 178
33 201
33 203
33 221
33 222
33 224
33 226
33 227
33 229
33 241
34 38
34 41
34 44
34 46
34 47
34 48
34 57
34 69
34 79
34 80
34 89
34 92
34 99
34 100
34 106
34 108
34 117
34 119
34 122
34 124
34 128
34 132
34 134
34 136
34 137
34 140
34 147
34 148
34 155
34 156
34 159
34 166
34 169
34 179
34 186
34 188
34 201
34 205
34 206
34 208
34 212
34 213
34 218
34 220
34 225
34 227
34 232
34 234
34 238
34 240
34 242
34 247
34 248
35 43
35 47
35 49
35 52
35 53
35 62
35 65
35 68
35 70
35 72
35 85
35 89
35 98
35 99
35 101
35 105
35 109
35 112
35 115
35 117
35 121
35 141
35 142
35 144
35 145
35 149
35 150
35 157
35 158
35 159
35 178
35 183
35 191
35 193
35 195
35 198
35 202
35 210
35 211
35 214
35 216
35 221
35 222
35 224
35 237
35 238
35 240
35 245
35 246
36 40
36 45
36 53
36 61
36 66
36 72
36 75
36 76
36 80
36 82
36 85
36 88
36 96
36 117
36 119
36 127
36 130
36 131
36 133
36 137
36 145
36 162
36 164
36 174
36 179
36 186
36 191
36 203
36 208
36 223
36 225
36 230
36 232
36 233
36 234
36 238
36 242
36 243
36 244
36 245
36 246
36 247
37 39
37 52
37 55
37 57
37 61
37 62
37 74
37 78
37 80
37 83
37 102
37 105
37 111
37 118
37 131
37 132
37 136
37 139
37 143
37 148
37 149
37 153
37 154
37 156
37 159
37 179
37 180
37 182
37 189
37 191
37 198
37 200
37 205
37 209
37 211
37 214
37 222
37 226
37 239
37 244
37 245
38 45
38 54
38 55
38 59
38 61
38 65
38 71
38 76
38 83
38 89
38 111
38 114
38 127
38 130
38 132
38 134
38 138
38 145
38 148
38 154
38 155
38 157
38 160
38 164
38 166
38 178
38 189
38 190
38 194
38 198
38 199
38 204
38 209
38 218
38 220
38 232
38 233
38 238
38 243
38 247
39 40
39 44
39 45
39 48
39 50
39 58
39 65
39 67
39 70
39 74
39 83
39 93
39 97
39 101
39 109
39 116
39 124
39 150
39 155
39 166
39 169
39 178
39 179
39 181
39 182
39 186
39 189
39 190
39 195
39 199
39 204
39 209
39 210
39 211
39 216
39 224
39 225
39 227
39 235
39 239
39 241
39 243
39 245
40 43
40 47
40 56
40 63
40 64
40 66
40 69
40 70
40 90
40 92
40 97
40 98
40 102
40 104
40 105
40 107
40 114
40 116
40 122
40 129
40 130
40 135
40 139
40 147
40 156
40 158
40 159
40 162
40 163
40 168
40 171
40 178
40 183
40 185
40 186
40 189
40 199
40 200
40 202
40 203
40 204
40 205
40 209
40 212
40 216
40 224
40 226
40 230
40 238
40 239
40 240
40 247
40 250
41 44
41 53
41 62
41 65
41 66
41 69
41 73
41 84
41 85
41 94
41 113
41 123
41 129
41 135
41 145
41 146
41 150
41 153
41 156
41 162
41 168
41 170
41 177
41 182
41 194
41 195
41 196
41 201
41 203
41 209
41 217
41 222
41 224
41 236
41 241
41 243
41 249
42 44
42 46
42 48
42 51
42 60
42 61
42 69
42 73
42 75
42 78
42 80
42 83
42 86
42 88
42 92
42 98
42 101
42 103
42 107
42 108
42 109
42 112
42 118
42 119
42 120
42 124
42 126
42 129
42 133
42 137
42 144
42 151
42 157
42 161
42 172
42 174
42 176
42 179
42 187
42 189
42 194
42 200
42 208
42 217
42 225
42 226
42 227
42 235
42 236
42 238
42 244
42 246
43 48
43 67
43 71
43 80
43 81
43 82
43 86
43 91
43 93
43 110
43 118
43 121
43 126
43 127
43 130
43 136
43 139
43 143
43 162
43 165
43 170
43 180
43 186
43 195
43 196
43 206
43 208
43 213
43 214
43 215
43 219
43 220
43 225
43 226
43 228
43 231
43 235
43 236
43 239
43 240
43 241
43 243
43 244
44 46
44 54
44 56
44 60
44 61
44 69
44 70
44 80
44 86
44 89
44 95
44 97
44 98
44 102
44 104
44 106
44 115
44 118
44 120
44 121
44 124
44 131
44 132
44 133
44 134
44 136
44 137
44 147
44 151
44 152
44 161
44 162
44 167
44 168
44 171
44 180
44 181
44 190
44 192
44 196
44 199
44 200
44 205
44 208
44 209
44 212
44 218
44 224
44 225
44 232
44 237
45 51
45 53
45 66
45 81
45 96
45 97
45 98
45 103
45 112
45 113
45 119
45 136
45 141
45 152
45 156
45 164
45 167
45 172
45 176
45 184
45 188
45 193
45 196
45 201
45 203
45 205
45 206
45 208
45 210
45 215
45 226
45 227
45 242
45 246
46 47
46 50
46 52
46 54
46 55
46 57
46 61
46 67
46 69
46 71
46 74
46 75
46 86
46 89
46 100
46 103
46 107
46 119
46 124
46 135
46 137
46 147
46 149
46 152
46 155
46 158
46 162
46 163
46 164
46 185
46 186
46 188
46 190
46 193
46 196
46 197
46 200
46 201
46 207
46 211
46 212
46 220
46 228
46 231
46 244
46 246
46 247
46 248
46 249
46 250
47 55
47 56
47 58
47 59
47 62
47 64
47 70
47 74
47 78
47 79
47 83
47 86
47 88
47 91
47 94
47 100
47 103
47 109
47 110
47 124
47 129
47 130
47 137
47 138
47 152
47 153
47 157
47 158
47 163
47 174
47 177
47 183
47 190
47 199
47 204
47 205
47 215
47 219
47 223
47 227
47 236
47 237
47 238
47 239
47 245
47 247
47 248
47 249
48 50
48 52
48 53
48 67
48 70
48 71
48 78
48 81
48 83
48 85
48 91
48 94
48 100
48 101
48 102
48 105
48 113
48 115
48 123
48 124
48 126
48 127
48 130
48 133
48 138
48 142
48 152
48 155
48 160
48 168
48 171
48 179
48 185
48 196
48 201
48 203
48 204
48 205
48 206
48 207
48 210
48 212
48 215
48 219
48 228
48 230
48 240
48 243
48 244
48 245
48 248
49 54
49 55
49 56
49 62
49 66
49 68
49 76
49 77
49 83
49 86
49 88
49 103
49 105
49 106
49 107
49 114
49 123
49 127
49 139
49 143
49 145
49 150
49 153
49 158
49 160
49 169
49 173
49 174
49 185
49 188
49 191
49 192
49 205
49 209
49 210
49 217
49 218
49 242
49 245
50 51
50 52
50 59
50 61
50 68
50 73
50 88
50 89
50 97
50 107
50 109
50 111
50 115
50 131
50 139
50 141
50 149
50 151
50 156
50 159
50 178
50 184
50 185
50 192
50 205
50 211
50 220
50 222
50 227
50 232
50 234
50 247
50 250
51 56
51 60
51 62
51 69
51 84
51 99
51 109
51 112
51 117
51 118
51 119
51 120
51 123
51 125
51 127
51 131
51 135
51 138
51 150
51 152
51 153
51 154
51 155
51 164
51 176
51 182
51 183
51 191
51 192
51 197
51 199
51 200
51 208
51 211
51 212
51 215
51 220
51 221
51 224
51 225
51 226
51 233
51 236
51 237
51 248
52 54
52 62
52 63
52 66
52 68
52 71
52 74
52 75
52 77
52 86
52 90
52 91
52 92
52 94
52 97
52 98
52 99
52 103
52 104
52 112
52 118
52 123
52 124
52 125
52 131
52 136
52 139
52 140
52 143
52 150
52 151
52 158
52 163
52 164
52 168
52 171
52 174
52 176
52 179
52 185
52 191
52 193
52 194
52 195
52 198
52 204
52 205
52 225
52 231
52 234
52 236
52 244
52 246
52 248
52 249
52 250
53 54
53 55
53 60
53 62
53 64
53 67
53 70
53 71
53 76
53 98
53 99
53 104
53 113
53 118
53 119
53 121
53 127
53 132
53 134
53 138
53 142
53 143
53 148
53 159
53 160
53 162
53 164
53 165
53 166
53 168
53 169
53 170
53 172
53 191
53 192
53 194
53 195
53 197
53 198
53 202
53 207
53 211
53 212
53 213
53 215
53 218
53 227
53 228
53 241
53 249
54 55
54 60
54 61
54 62
54 72
54 89
54 105
54 109
54 119
54 122
54 123
54 127
54 128
54 130
54 142
54 146
54 147
54 151
54 157
54 161
54 163
54 172
54 177
54 180
54 184
54 188
54 193
54 195
54 198
54 204
54 205
54 210
54 218
54 225
54 226
54 228
54 230
54 234
54 247
54 249
55 64
55 67
55 68
55 69
55 78
55 82
55 84
55 85
55 97
55 98
55 99
55 106
55 109
55 113
55 121
55 123
55 126
55 135
55 136
55 139
55 146
55 149
55 150
55 152
55 156
55 157
55 165
55 172
55 174
55 179
55 189
55 191
55 195
55 198
55 206
55 208
55 210
55 212
55 216
55 223
55 233
55 236
55 250
56 59
56 65
56 74
56 81
56 82
56 95
56 99
56 101
56 106
56 107
56 110
56 118
56 120
56 123
56 126
56 129
56 133
56 141
56 162
56 163
56 173
56 179
56 182
56 191
56 196
56 198
56 200
56 203
56 213
56 218
56 219
56 223
56 227
56 241
56 244
56 248
57 58
57 59
57 62
57 69
57 76
57 83
57 87
57 90
57 94
57 99
57 110
57 120
57 122
57 124
57 128
57 142
57 145
57 149
57 153
57 156
57 159
57 173
57 174
57 178
57 179
57 180
57 188
57 191
57 202
57 219
57 221
57 223
57 226
57 228
57 230
57 237
57 241
57 243
57 244
57 246
57 247
58 60
58 63
58 67
58 70
58 73
58 76
58 81
58 88
58 90
58 96
58 98
58 99
58 105
58 107
58 112
58 113
58 114
58 115
58 119
58 121
58 122
58 129
58 135
58 140
58 164
58 169
58 170
58 178
58 183
58 185
58 190
58 191
58 192
58 199
58 207
58 217
58 218
58 221
58 225
58 230
58 232
58 240
58 247
58 250
59 64
59 71
59 72
59 74
59 78
59 80
59 86
59 89
59 92
59 93
59 95
59 97
59 99
59 101
59 102
59 104
59 115
59 117
59 123
59 132
59 133
59 136
59 141
59 144
59 151
59 153
59 155
59 156
59 169
59 171
59 178
59 183
59 184
59 186
59 193
59 204
59 208
59 210
59 214
59 216
59 218
59 219
59 222
59 226
59 228
59 232
59 237
59 240
59 241
59 245
60 61
60 78
60 82
60 86
60 89
60 90
60 101
60 102
60 107
60 112
60 116
60 121
60 124
60 125
60 128
60 129
60 130
60 134
60 154
60 156
60 164
60 167
60 175
60 178
60 180
60 187
60 194
60 204
60 207
60 213
60 214
60 220
60 233
60 243
60 245
60 249
61 63
61 68
61 75
61 80
61 86
61 87
61 92
61 95
61 100
61 105
61 106
61 118
61 124
61 125
61 128
61 130
61 131
61 141
61 142
61 145
61 146
61 158
61 165
61 172
61 175
61 184
61 185
61 186
61 187
61 195
61 199
61 202
61 204
61 207
61 209
61 210
61 212
61 222
61 223
61 227
61 229
61 232
61 236
61 242
61 248
62 64
62 65
62 70
62 75
62 76
62 81
62 82
62 86
62 90
62 92
62 98
62 100
62 102
62 104
62 123
62 126
62 127
62 129
62 130
62 133
62 145
62 147
62 149
62 154
62 155
62 156
62 161
62 167
62 168
62 169
62 178
62 179
62 182
62 183
62 184
62 185
62 186
62 193
62 196
62 198
62 206
62 210
62 216
62 221
62 228
62 233
62 235
62 238
62 241
62 250
63 66
63 67
63 69
63 80
63 81
63 82
63 95
63 100
63 101
63 103
63 104
63 108
63 109
63 111
63 114
63 117
63 127
63 130
63 131
63 133
63 134
63 137
63 153
63 155
63 159
63 160
63 164
63 167
63 170
63 180
63 181
63 184
63 193
63 196
63 206
63 209
63 213
63 215
63 221
63 225
63 237
63 242
63 243
63 244
63 245
63 246
63 249
64 67
64 70
64 76
64 81
64 82
64 84
64 85
64 86
64 90
64 91
64 93
64 96
64 100
64 102
64 104
64 106
64 107
64 110
64 113
64 117
64 118
64 119
64 131
64 132
64 133
64 151
64 155
64 156
64 160
64 166
64 185
64 186
64 190
64 192
64 198
64 199
64 201
64 206
64 207
64 210
64 213
64 220
64 227
64 231
64 244
64 248
65 68
65 69
65 73
65 75
65 76
65 81
65 87
65 92
65 93
65 98
65 99
65 105
65 112
65 115
65 116
65 123
65 134
65 135
65 138
65 139
65 144
65 152
65 153
65 160
65 161
65 163
65 164
65 170
65 175
65 180
65 185
65 188
65 191
65 214
65 223
65 225
65 226
65 236
65 238
65 239
65 242
65 245
65 247
66 68
66 72
66 78
66 79
66 90
66 91
66 94
66 95
66 102
66 107
66 118
66 123
66 126
66 132
66 135
66 137
66 145
66 153
66 156
66 159
66 163
66 166
66 167
66 172
66 173
66 175
66 179
66 184
66 187
66 189
66 195
66 215
66 218
66 223
66 226
66 227
66 235
66 240
66 241
66 242
66 244
67 69
67 73
67 75
67 78
67 79
67 81
67 82
67 85
67 89
67 96
67 102
67 111
67 119
67 120
67 141
67 142
67 143
67 145
67 147
67 148
67 149
67 157
67 159
67 162
67 168
67 172
67 188
67 189
67 191
67 196
67 197
67 198
67 200
67 201
67 207
67 211
67 216
67 221
67 230
67 233
67 237
67 240
67 241
67 250
68 71
68 75
68 89
68 92
68 94
68 96
68 100
68 101
68 103
68 104
68 107
68 128
68 131
68 135
68 143
68 145
68 147
68 166
68 167
68 172
68 177
68 179
68 182
68 184
68 190
68 196
68 197
68 198
68 199
68 202
68 204
68 206
68 208
68 216
68 223
68 231
68 232
68 235
68 240
68 244
68 245
68 249
69 86
69 87
69 89
69 91
69 96
69 97
69 100
69 102
69 111
69 121
69 126
69 128
69 132
69 134
69 139
69 145
69 147
69 149
69 151
69 158
69 160
69 162
69 167
69 172
69 174
69 176
69 178
69 180
69 184
69 190
69 196
69 197
69 202
69 208
69 210
69 211
69 215
69 216
69 218
69 220
69 223
69 225
69 229
69 230
69 238
69 239
69 241
69 243
69 245
69 246
69 247
69 250
70 71
70 72
70 73
70 83
70 84
70 88
70 89
70 95
70 96
70 103
70 105
70 108
70 111
70 114
70 115
70 117
70 118
70 122
70 125
70 128
70 133
70 139
70 140
70 147
70 151
70 154
70 158
70 162
70 163
70 166
70 168
70 172
70 173
70 176
70 179
70 181
70 185
70 191
70 196
70 197
70 198
70 199
70 205
70 211
70 219
70 220
70 225
70 226
70 233
70 236
70 239
70 240
70 243
71 72
71 79
71 81
71 84
71 85
71 87
71 89
71 93
71 95
71 99
71 102
71 103
71 104
71 105
71 108
71 109
71 115
71 117
71 118
71 121
71 122
71 124
71 131
71 132
71 135
71 145
71 147
71 164
71 177
71 183
71 185
71 190
71 193
71 195
71 196
71 198
71 199
71 205
71 211
71 215
71 217
71 221
71 237
71 238
71 241
71 242
71 243
72 74
72 77
72 81
72 93
72 96
72 100
72 102
72 104
72 105
72 114
72 123
72 125
72 131
72 140
72 141
72 146
72 153
72 158
72 161
72 162
72 163
72 165
72 166
72 173
72 180
72 181
72 189
72 191
72 201
72 211
72 214
72 219
72 222
72 225
72 228
72 233
72 237
72 238
72 239
72 240
72 243
72 244
72 246
72 247
73 75
73 78
73 81
73 82
73 83
73 98
73 102
73 115
73 120
73 124
73 127
73 134
73 138
73 151
73 153
73 158
73 159
73 163
73 167
73 170
73 187
73 189
73 194
73 208
73 210
73 219
73 220
73 224
73 226
73 228
73 234
73 241
73 243
73 245
73 246
73 248
73 250
74 80
74 81
74 83
74 86
74 89
74 97
74 102
74 103
74 110
74 111
74 113
74 117
74 129
74 133
74 158
74 160
74 162
74 164
74 171
74 177
74 178
74 183
74 190
74 205
74 207
74 210
74 212
74 214
74 225
74 228
74 229
74 239
74 241
74 242
74 244
75 76
75 77
75 78
75 80
75 82
75 84
75 85
75 86
75 92
75 94
75 98
75 101
75 102
75 104
75 105
75 108
75 114
75 116
75 118
75 121
75 122
75 124
75 126
75 127
75 134
75 140
75 143
75 147
75 151
75 153
75 156
75 161
75 162
75 168
75 177
75 180
75 181
75 182
75 185
75 191
75 192
75 197
75 202
75 206
75 207
75 214
75 222
75 225
75 228
75 231
75 236
75 239
75 247
75 248
76 77
76 78
76 80
76 82
76 90
76 93
76 94
76 95
76 98
76 101
76 104
76 112
76 120
76 123
76 131
76 132
76 138
76 141
76 147
76 148
76 156
76 160
76 166
76 172
76 174
76 182
76 186
76 195
76 207
76 209
76 210
76 212
76 213
76 226
76 227
76 228
76 237
76 242
76 245
76 246
76 248
77 79
77 80
77 81
77 83
77 86
77 87
77 95
77 96
77 97
77 102
77 105
77 119
77 123
77 134
77 135
77 142
77 148
77 153
77 159
77 166
77 167
77 184
77 188
77 192
77 196
77 201
77 202
77 203
77 214
77 215
77 216
77 217
77 218
77 219
77 221
77 223
77 228
77 230
77 244
77 245
77 246
77 249
77 250
78 83
78 90
78 91
78 95
78 99
78 100
78 101
78 109
78 116
78 119
78 130
78 139
78 147
78 151
78 154
78 158
78 169
78 171
78 172
78 180
78 181
78 183
78 185
78 199
78 206
78 207
78 213
78 214
78 215
78 218
78 220
78 222
78 233
78 235
78 238
78 239
78 244
78 245
78 246
78 249
79 83
79 84
79 85
79 89
79 91
79 98
79 101
79 102
79 106
79 110
79 112
79 114
79 118
79 119
79 124
79 126
79 127
79 129
79 135
79 136
79 137
79 146
79 148
79 149
79 150
79 158
79 159
79 166
79 171
79 178
79 185
79 186
79 190
79 194
79 195
79 197
79 198
79 205
79 210
79 211
79 213
79 219
79 220
79 228
79 230
79 231
79 232
79 233
80 88
80 90
80 94
80 96
80 102
80 109
80 118
80 121
80 124
80 126
80 127
80 132
80 134
80 139
80 144
80 156
80 174
80 175
80 176
80 178
80 182
80 193
80 196
80 199
80 202
80 204
80 207
80 209
80 212
80 213
80 221
80 223
80 226
80 231
80 232
80 233
80 240
80 246
80 247
80 249
80 250
81 90
81 95
81 100
81 101
81 110
81 111
81 112
81 119
81 133
81 134
81 143
81 144
81 158
81 160
81 161
81 163
81 168
81 175
81 183
81 188
81 191
81 199
81 200
81 208
81 210
81 212
81 218
81 228
81 237
81 250
82 85
82 89
82 106
82 107
82 108
82 110
82 111
82 125
82 127
82 141
82 144
82 149
82 150
82 151
82 153
82 158
82 159
82 162
82 167
82 170
82 172
82 173
82 174
82 176
82 182
82 183
82 184
82 185
82 189
82 190
82 195
82 202
82 203
82 204
82 208
82 211
82 212
82 224
82 225
82 226
82 227
82 237
82 240
82 248
83 87
83 88
83 92
83 93
83 96
83 101
83 102
83 103
83 104
83 106
83 107
83 111
83 112
83 113
83 125
83 134
83 137
83 138
83 144
83 150
83 161
83 162
83 171
83 173
83 175
83 178
83 183
83 185
83 188
83 189
83 193
83 195
83 196
83 203
83 205
83 209
83 215
83 216
83 229
83 232
83 237
83 238
84 86
84 92
84 96
84 102
84 104
84 106
84 110
84 115
84 121
84 123
84 124
84 125
84 127
84 130
84 135
84 139
84 142
84 143
84 144
84 153
84 154
84 155
84 158
84 159
84 163
84 165
84 166
84 172
84 173
84 183
84 184
84 185
84 189
84 190
84 195
84 197
84 204
84 210
84 220
84 223
84 224
84 226
84 227
84 231
84 239
84 247
85 91
85 95
85 102
85 109
85 124
85 136
85 139
85 141
85 143
85 156
85 159
85 166
85 167
85 168
85 174
85 182
85 188
85 193
85 208
85 219
85 220
85 229
85 230
85 233
85 240
85 243
85 249
86 87
86 98
86 104
86 115
86 128
86 129
86 130
86 133
86 140
86 147
86 151
86 155
86 156
86 157
86 159
86 160
86 162
86 165
86 169
86 181
86 186
86 191
86 203
86 207
86 208
86 209
86 211
86 214
86 217
86 222
86 225
86 229
86 230
86 232
86 233
86 234
86 236
86 238
86 243
86 246
86 249
87 91
87 92
87 105
87 111
87 115
87 119
87 123
87 130
87 131
87 137
87 139
87 144
87 154
87 158
87 162
87 163
87 165
87 166
87 168
87 172
87 174
87 184
87 186
87 187
87 188
87 194
87 206
87 210
87 211
87 214
87 219
87 222
87 224
87 238
88 89
88 91
88 98
88 99
88 100
88 105
88 106
88 108
88 114
88 116
88 117
88 118
88 122
88 123
88 124
88 131
88 132
88 146
88 149
88 150
88 152
88 153
88 157
88 159
88 161
88 163
88 166
88 172
88 175
88 176
88 178
88 182
88 183
88 188
88 190
88 193
88 204
88 206
88 209
88 210
88 218
88 219
88 220
88 231
88 233
88 235
88 237
88 242
88 246
88 249
89 93
89 95
89 96
89 100
89 103
89 109
89 112
89 115
89 127
89 128
89 130
89 133
89 136
89 143
89 147
89 149
89 158
89 163
89 170
89 172
89 174
89 176
89 178
89 179
89 187
89 199
89 203
89 204
89 207
89 209
89 214
89 220
89 223
89 225
89 226
89 227
89 228
89 232
89 234
89 240
89 245
90 92
90 93
90 94
90 99
90 100
90 101
90 104
90 106
90 117
90 122
90 128
90 131
90 134
90 135
90 136
90 139
90 141
90 142
90 148
90 153
90 158
90 164
90 172
90 173
90 175
90 188
90 192
90 193
90 199
90 201
90 203
90 204
90 205
90 216
90 218
90 226
90 230
90 234
90 240
90 244
90 248
91 92
91 106
91 109
91 118
91 131
91 132
91 134
91 135
91 136
91 137
91 140
91 142
91 145
91 146
91 153
91 154
91 155
91 160
91 161
91 164
91 165
91 168
91 177
91 178
91 183
91 186
91 192
91 201
91 205
91 206
91 211
91 213
91 216
91 217
91 218
91 221
91 226
91 234
91 235
91 236
91 237
91 241
91 242
91 245
91 248
92 99
92 100
92 102
92 104
92 106
92 109
92 112
92 115
92 116
92 117
92 118
92 123
92 126
92 129
92 131
92 133
92 134
92 148
92 150
92 152
92 154
92 158
92 165
92 167
92 169
92 181
92 186
92 188
92 193
92 194
92 195
92 197
92 199
92 205
92 206
92 209
92 211
92 214
92 217
92 221
92 222
92 224
92 226
92 230
92 232
92 234
92 249
92 250
93 98
93 100
93 108
93 113
93 115
93 122
93 126
93 130
93 134
93 139
93 145
93 146
93 151
93 154
93 156
93 159
93 161
93 165
93 176
93 183
93 184
93 185
93 195
93 198
93 205
93 206
93 213
93 214
93 216
93 226
93 227
93 232
93 234
93 240
93 245
93 248
94 97
94 101
94 103
94 107
94 120
94 123
94 126
94 139
94 143
94 146
94 152
94 156
94 161
94 165
94 166
94 167
94 168
94 174
94 177
94 182
94 185
94 193
94 196
94 201
94 202
94 205
94 206
94 211
94 212
94 222
94 225
94 238
94 243
94 247
94 250
95 96
95 97
95 98
95 99
95 101
95 107
95 112
95 116
95 121
95 130
95 139
95 142
95 146
95 148
95 150
95 154
95 161
95 163
95 165
95 166
95 170
95 178
95 179
95 188
95 195
95 198
95 199
95 200
95 201
95 202
95 204
95 205
95 211
95 212
95 216
95 221
95 225
95 228
95 230
95 231
95 232
95 236
95 241
96 99
96 102
96 111
96 112
96 119
96 124
96 127
96 130
96 132
96 133
96 143
96 147
96 148
96 150
96 157
96 158
96 163
96 165
96 169
96 175
96 176
96 178
96 179
96 187
96 189
96 190
96 191
96 193
96 197
96 200
96 204
96 206
96 208
96 209
96 210
96 221
96 231
96 233
96 235
96 236
96 239
96 240
96 249
96 250
97 100
97 104
97 107
97 108
97 122
97 127
97 128
97 134
97 135
97 136
97 139
97 142
97 143
97 144
97 145
97 148
97 151
97 153
97 154
97 159
97 160
97 162
97 167
97 169
97 177
97 178
97 180
97 182
97 183
97 186
97 187
97 189
97 193
97 194
97 197
97 200
97 205
97 208
97 212
97 214
97 218
97 221
97 225
97 228
97 229
97 234
97 235
97 238
97 240
97 246
98 99
98 100
98 102
98 104
98 105
98 107
98 110
98 119
98 120
98 121
98 124
98 128
98 132
98 136
98 137
98 138
98 139
98 141
98 145
98 147
98 160
98 161
98 163
98 165
98 166
98 173
98 180
98 182
98 185
98 189
98 191
98 192
98 195
98 206
98 210
98 212
98 214
98 217
98 220
98 229
98 232
98 234
98 239
98 240
98 244
99 109
99 111
99 117
99 125
99 129
99 130
99 133
99 135
99 136
99 140
99 145
99 147
99 148
99 153
99 158
99 159
99 161
99 162
99 166
99 168
99 170
99 171
99 175
99 177
99 192
99 198
99 207
99 208
99 215
99 222
99 224
99 225
99 228
99 231
99 232
99 234
99 239
99 245
99 248
99 250
100 104
100 115
100 116
100 118
100 125
100 126
100 133
100 139
100 140
100 141
100 151
100 166
100 183
100 185
100 186
100 189
100 190
100 191
100 194
100 199
100 200
100 203
100 207
100 209
100 212
100 214
100 216
100 217
100 220
100 221
100 222
100 224
100 226
100 229
100 230
100 231
100 233
100 234
100 239
100 242
100 243
100 245
100 248
101 104
101 105
101 107
101 109
101 111
101 112
101 117
101 119
101 121
101 130
101 138
101 141
101 148
101 154
101 158
101 159
101 163
101 165
101 166
101 167
101 170
101 171
101 174
101 175
101 182
101 183
101 184
101 189
101 193
101 194
101 200
101 210
101 215
101 218
101 219
101 220
101 221
101 223
101 226
101 227
101 228
101 234
101 236
101 240
101 241
101 246
101 248
102 106
102 111
102 114
102 117
102 121
102 124
102 131
102 134
102 141
102 143
102 144
102 149
102 152
102 155
102 157
102 165
102 169
102 170
102 172
102 174
102 178
102 180
102 185
102 188
102 191
102 199
102 205
102 211
102 217
102 219
102 220
102 222
102 233
102 237
102 238
102 248
103 104
103 105
103 107
103 113
103 126
103 135
103 136
103 138
103 150
103 157
103 158
103 159
103 166
103 176
103 177
103 179
103 180
103 192
103 198
103 202
103 204
103 210
103 212
103 225
103 226
103 230
103 232
103 240
103 242
103 247
104 105
104 106
104 109
104 114
104 116
104 117
104 120
104 131
104 132
104 135
104 137
104 143
104 144
104 148
104 151
104 154
104 157
104 159
104 162
104 163
104 166
104 168
104 169
104 170
104 173
104 176
104 178
104 188
104 195
104 196
104 197
104 198
104 207
104 211
104 213
104 221
104 222
104 224
104 231
104 235
104 241
104 243
104 244
104 246
104 247
105 106
105 109
105 110
105 111
105 122
105 124
105 125
105 126
105 127
105 135
105 147
105 148
105 152
105 156
105 158
105 161
105 162
105 163
105 167
105 168
105 171
105 172
105 176
105 177
105 178
105 181
105 182
105 184
105 185
105 189
105 190
105 195
105 196
105 214
105 216
105 220
105 223
105 233
105 241
105 242
105 244
105 248
105 250
106 110
106 112
106 113
106 114
106 116
106 117
106 119
106 127
106 128
106 131
106 134
106 142
106 145
106 146
106 150
106 155
106 156
106 160
106 164
106 166
106 168
106 173
106 179
106 180
106 185
106 186
106 190
106 191
106 193
106 204
106 205
106 214
106 215
106 226
106 232
106 235
106 237
106 238
106 243
106 245
106 247
106 250
107 110
107 112
107 114
107 115
107 116
107 120
107 121
107 125
107 126
107 128
107 137
107 141
107 143
107 144
107 147
107 150
107 155
107 156
107 158
107 162
107 163
107 167
107 173
107 179
107 182
107 191
107 193
107 194
107 202
107 206
107 207
107 210
107 213
107 215
107 216
107 221
107 223
107 230
107 234
107 236
107 237
108 109
108 113
108 120
108 122
108 127
108 129
108 130
108 140
108 141
108 144
108 145
108 162
108 166
108 171
108 173
108 177
108 178
108 189
108 190
108 193
108 196
108 203
108 209
108 212
108 213
108 219
108 222
108 223
108 224
108 231
108 235
108 239
108 245
108 247
108 248
109 110
109 112
109 117
109 122
109 123
109 128
109 130
109 131
109 132
109 133
109 143
109 145
109 147
109 151
109 153
109 154
109 155
109 157
109 162
109 164
109 167
109 170
109 171
109 175
109 177
109 179
109 183
109 185
109 188
109 189
109 194
109 195
109 198
109 199
109 206
109 208
109 211
109 218
109 219
109 220
109 228
109 231
109 233
109 236
109 237
109 238
109 244
109 246
109 247
109 250
110 114
110 115
110 123
110 124
110 127
110 132
110 134
110 136
110 137
110 138
110 142
110 145
110 147
110 148
110 150
110 153
110 155
110 157
110 160
110 163
110 171
110 173
110 174
110 176
110 177
110 179
110 186
110 195
110 196
110 197
110 198
110 199
110 200
110 202
110 203
110 210
110 211
110 212
110 215
110 217
110 218
110 222
110 225
110 227
110 239
110 240
110 242
110 243
110 245
110 246
111 115
111 116
111 119
111 120
111 124
111 130
111 137
111 139
111 143
111 144
111 145
111 148
111 155
111 157
111 162
111 163
111 167
111 171
111 173
111 174
111 176
111 179
111 182
111 186
111 189
111 191
111 192
111 193
111 194
111 196
111 197
111 204
111 205
111 210
111 218
111 219
111 223
111 225
111 230
111 231
111 235
111 239
111 246
111 247
111 248
111 250
112 113
112 115
112 118
112 119
112 125
112 126
112 127
112 128
112 133
112 138
112 139
112 140
112 142
112 146
112 147
112 149
112 151
112 152
112 154
112 155
112 159
112 164
112 165
112 166
112 169
112 171
112 172
112 174
112 179
112 180
112 181
112 182
112 184
112 185
112 193
112 202
112 205
112 207
112 209
112 214
112 215
112 216
112 221
112 222
112 225
112 227
112 229
112 233
112 234
112 236
112 244
112 247
112 250
113 116
113 118
113 120
113 131
113 133
113 138
113 141
113 144
113 149
113 151
113 162
113 165
113 169
113 170
113 171
113 175
113 176
113 177
113 182
113 186
113 191
113 204
113 206
113 207
113 211
113 217
113 218
113 220
113 224
113 225
113 227
113 229
113 233
113 240
113 241
113 243
113 244
113 245
114 120
114 123
114 125
114 126
114 131
114 138
114 144
114 146
114 149
114 150
114 154
114 155
114 158
114 159
114 160
114 163
114 167
114 168
114 172
114 175
114 177
114 179
114 181
114 188
114 189
114 190
114 191
114 194
114 196
114 208
114 211
114 213
114 218
114 220
114 221
114 227
114 229
114 230
114 233
114 234
114 235
114 236
114 238
114 241
114 249
114 250
115 117
115 118
115 121
115 125
115 129
115 131
115 134
115 135
115 136
115 139
115 140
115 141
115 148
115 149
115 150
115 153
115 154
115 156
115 157
115 162
115 166
115 171
115 172
115 173
115 174
115 175
115 177
115 178
115 180
115 188
115 191
115 196
115 199
115 203
115 204
115 212
115 216
115 217
115 221
115 234
115 236
115 241
115 242
115 249
115 250
116 119
116 129
116 136
116 138
116 142
116 143
116 150
116 155
116 156
116 162
116 164
116 166
116 167
116 170
116 173
116 175
116 177
116 178
116 182
116 186
116 190
116 191
116 193
116 194
116 196
116 199
116 201
116 203
116 204
116 207
116 211
116 213
116 215
116 216
116 220
116 222
116 223
116 227
116 232
116 233
116 234
116 237
116 241
116 250
117 126
117 130
117 131
117 132
117 135
117 139
117 140
117 142
117 148
117 152
117 153
117 155
117 168
117 173
117 175
117 176
117 180
117 181
117 186
117 187
117 188
117 191
117 194
117 196
117 199
117 202
117 205
117 211
117 213
117 215
117 223
117 224
117 227
117 230
117 233
117 238
117 239
117 245
117 246
117 248
118 123
118 126
118 131
118 132
118 135
118 140
118 144
118 160
118 163
118 170
118 172
118 176
118 177
118 179
118 180
118 185
118 189
118 201
118 208
118 209
118 210
118 214
118 218
118 220
118 223
118 224
118 226
118 227
118 229
118 230
118 231
118 232
118 239
118 247
119 121
119 122
119 125
119 126
119 131
119 132
119 133
119 134
119 140
119 142
119 144
119 145
119 146
119 149
119 150
119 151
119 152
119 153
119 156
119 159
119 162
119 171
119 174
119 175
119 177
119 178
119 180
119 181
119 182
119 187
119 189
119 190
119 193
119 194
119 195
119 196
119 198
119 201
119 204
119 209
119 211
119 212
119 215
119 217
119 218
119 220
119 221
119 230
119 232
119 234
119 235
119 238
119 241
119 250
120 122
120 123
120 124
120 127
120 128
120 137
120 144
120 145
120 146
120 148
120 152
120 157
120 159
120 160
120 162
120 163
120 165
120 170
120 173
120 174
120 175
120 176
120 177
120 182
120 183
120 187
120 193
120 194
120 197
120 199
120 203
120 207
120 209
120 211
120 212
120 213
120 217
120 225
120 229
120 230
120 233
120 234
120 238
120 239
120 242
120 246
121 124
121 125
121 126
121 131
121 134
121 135
121 136
121 141
121 145
121 146
121 148
121 149
121 151
121 153
121 155
121 157
121 163
121 178
121 182
121 188
121 190
121 193
121 194
121 195
121 197
121 201
121 202
121 203
121 206
121 208
121 210
121 211
121 212
121 213
121 217
121 226
121 227
121 228
121 238
121 240
121 242
121 246
121 247
122 131
122 132
122 143
122 144
122 145
122 147
122 150
122 160
122 162
122 163
122 164
122 170
122 172
122 180
122 184
122 185
122 188
122 190
122 191
122 192
122 196
122 198
122 202
122 209
122 212
122 217
122 225
122 227
122 236
122 237
122 239
122 240
122 242
122 243
122 245
122 247
123 124
123 126
123 128
123 132
123 133
123 135
123 136
123 143
123 144
123 145
123 150
123 153
123 155
123 157
123 158
123 166
123 172
123 178
123 182
123 189
123 191
123 200
123 202
123 209
123 211
123 214
123 218
123 224
123 225
123 230
123 231
123 233
123 235
123 237
123 240
123 244
123 248
123 249
124 128
124 131
124 139
124 140
124 142
124 148
124 149
124 153
124 163
124 165
124 168
124 172
124 175
124 176
124 182
124 183
124 187
124 189
124 191
124 197
124 203
124 204
124 205
124 206
124 207
124 209
124 211
124 217
124 218
124 219
124 223
124 225
124 228
124 229
124 233
124 236
124 237
124 238
124 239
124 242
124 246
124 247
124 248
125 126
125 129
125 130
125 134
125 136
125 141
125 147
125 154
125 156
125 159
125 161
125 163
125 164
125 165
125 167
125 168
125 169
125 173
125 177
125 178
125 181
125 183
125 184
125 187
125 190
125 191
125 192
125 195
125 201
125 208
125 211
125 217
125 220
125 222
125 223
125 224
125 233
125 238
125 240
125 241
125 242
125 244
125 248
125 249
126 128
126 129
126 130
126 132
126 133
126 137
126 140
126 143
126 154
126 155
126 158
126 159
126 167
126 169
126 171
126 179
126 180
126 181
126 183
126 185
126 187
126 190
126 193
126 196
126 205
126 207
126 213
126 218
126 220
126 226
126 228
126 230
126 236
126 238
126 241
126 246
126 248
126 250
127 128
127 130
127 133
127 135
127 142
127 149
127 150
127 151
127 153
127 158
127 162
127 164
127 165
127 167
127 171
127 172
127 175
127 176
127 177
127 181
127 182
127 186
127 188
127 192
127 193
127 194
127 195
127 197
127 198
127 207
127 209
127 215
127 219
127 222
127 223
127 224
127 227
127 231
127 236
127 237
127 238
127 239
127 243
127 249
127 250
128 130
128 132
128 137
128 139
128 141
128 142
128 144
128 149
128 151
128 152
128 155
128 156
128 157
128 161
128 163
128 167
128 182
128 189
128 193
128 194
128 196
128 197
128 203
128 204
128 205
128 212
128 213
128 219
128 222
128 223
128 224
128 225
128 235
128 240
128 243
128 245
128 249
129 132
129 136
129 139
129 142
129 143
129 145
129 148
129 157
129 158
129 161
129 162
129 167
129 171
129 172
129 174
129 177
129 179
129 180
129 181
129 182
129 185
129 189
129 190
129 191
129 192
129 195
129 196
129 200
129 202
129 205
129 211
129 213
129 214
129 216
129 217
129 222
129 224
129 226
129 229
129 230
129 233
129 234
129 237
129 240
129 242
129 244
129 245
129 246
129 247
129 248
129 249
130 133
130 140
130 145
130 147
130 149
130 150
130 151
130 153
130 154
130 155
130 157
130 158
130 164
130 166
130 168
130 171
130 176
130 179
130 185
130 186
130 190
130 196
130 199
130 201
130 202
130 206
130 207
130 208
130 211
130 218
130 220
130 222
130 223
130 226
130 228
130 231
130 232
130 236
130 238
130 240
130 247
130 249
130 250
131 132
131 134
131 136
131 137
131 139
131 142
131 146
131 147
131 150
131 153
131 154
131 156
131 157
131 158
131 162
131 169
131 171
131 172
131 177
131 179
131 182
131 183
131 184
131 185
131 186
131 187
131 191
131 195
131 200
131 202
131 208
131 209
131 215
131 217
131 218
131 222
131 225
131 233
131 234
131 236
131 237
131 239
131 243
131 244
131 246
131 247
131 248
131 250
132 134
132 135
132 136
132 137
132 138
132 140
132 141
132 145
132 148
132 155
132 158
132 159
132 162
132 165
132 167
132 168
132 172
132 178
132 179
132 181
132 183
132 184
132 185
132 186
132 187
132 194
132 195
132 196
132 199
132 201
132 202
132 203
132 204
132 208
132 210
132 213
132 215
132 216
132 218
132 219
132 222
132 223
132 225
132 228
132 229
132 230
132 232
132 233
132 236
132 239
132 242
132 245
132 248
132 250
133 134
133 137
133 141
133 146
133 153
133 154
133 155
133 156
133 157
133 164
133 166
133 168
133 169
133 172
133 175
133 177
133 178
133 184
133 193
133 197
133 199
133 202
133 211
133 212
133 215
133 218
133 219
133 221
133 233
133 234
133 235
133 237
133 242
133 244
133 246
133 248
133 249
133 250
134 135
134 136
134 141
134 143
134 146
134 149
134 151
134 152
134 154
134 159
134 163
134 164
134 172
134 173
134 178
134 179
134 181
134 186
134 188
134 193
134 194
134 195
134 196
134 198
134 203
134 205
134 206
134 208
134 209
134 211
134 214
134 215
134 216
134 218
134 222
134 223
134 228
134 229
134 230
134 235
134 236
134 245
134 246
134 247
134 250
135 136
135 137
135 140
135 141
135 142
135 144
135 147
135 149
135 152
135 153
135 157
135 161
135 165
135 169
135 174
135 175
135 176
135 181
135 182
135 185
135 191
135 194
135 202
135 203
135 204
135 205
135 206
135 207
135 210
135 214
135 218
135 223
135 227
135 228
135 232
135 233
135 235
135 236
135 241
135 244
135 246
135 250
136 137
136 140
136 142
136 144
136 149
136 152
136 153
136 159
136 160
136 161
136 163
136 165
136 166
136 168
136 169
136 170
136 180
136 182
136 185
136 189
136 190
136 194
136 198
136 202
136 203
136 206
136 208
136 209
136 218
136 220
136 221
136 227
136 232
136 238
136 240
136 249
137 138
137 140
137 141
137 143
137 144
137 148
137 150
137 151
137 155
137 157
137 159
137 161
137 168
137 173
137 175
137 179
137 180
137 181
137 183
137 187
137 189
137 192
137 197
137 200
137 201
137 207
137 214
137 215
137 217
137 219
137 220
137 222
137 225
137 229
137 231
137 233
137 238
137 244
137 246
137 248
138 140
138 141
138 145
138 150
138 153
138 154
138 156
138 159
138 160
138 164
138 167
138 168
138 182
138 185
138 196
138 197
138 198
138 200
138 201
138 204
138 208
138 210
138 213
138 216
138 217
138 218
138 220
138 222
138 223
138 224
138 234
138 236
138 237
138 238
138 240
138 242
138 246
138 248
139 142
139 143
139 145
139 146
139 158
139 159
139 160
139 168
139 177
139 179
139 182
139 183
139 184
139 190
139 193
139 199
139 201
139 202
139 203
139 204
139 206
139 210
139 213
139 215
139 218
139 219
139 222
139 226
139 234
139 239
139 242
139 243
139 245
139 247
140 141
140 144
140 147
140 149
140 152
140 154
140 156
140 158
140 165
140 168
140 169
140 172
140 173
140 176
140 177
140 178
140 181
140 189
140 191
140 193
140 195
140 200
140 204
140 206
140 207
140 209
140 211
140 220
140 221
140 223
140 224
140 238
140 241
140 243
140 248
141 144
141 147
141 154
141 164
141 165
141 167
141 169
141 171
141 173
141 176
141 177
141 178
141 179
141 182
141 186
141 187
141 191
141 194
141 195
141 197
141 200
141 202
141 203
141 205
141 209
141 211
141 212
141 217
141 218
141 219
141 220
141 223
141 224
141 228
141 229
141 232
141 234
141 235
141 236
141 238
141 244
141 248
141 249
142 143
142 148
142 149
142 157
142 159
142 163
142 176
142 180
142 182
142 184
142 185
142 187
142 190
142 191
142 202
142 205
142 208
142 209
142 210
142 212
142 213
142 216
142 218
142 220
142 221
142 222
142 224
142 225
142 226
142 232
142 233
142 235
142 237
142 238
142 242
142 243
142 244
142 246
142 247
142 248
143 144
143 151
143 154
143 156
143 157
143 158
143 162
143 164
143 165
143 172
143 173
143 179
143 180
143 182
143 184
143 185
143 189
143 190
143 193
143 194
143 195
143 197
143 198
143 199
143 202
143 203
143 204
143 205
143 206
143 210
143 212
143 215
143 216
143 223
143 227
143 232
143 234
143 236
143 237
143 243
143 245
143 247
143 249
143 250
144 150
144 151
144 152
144 155
144 157
144 158
144 159
144 167
144 168
144 169
144 171
144 176
144 177
144 178
144 179
144 182
144 190
144 191
144 194
144 195
144 197
144 198
144 200
144 202
144 203
144 204
144 206
144 207
144 212
144 215
144 217
144 220
144 221
144 222
144 228
144 229
144 233
144 234
144 237
144 241
144 243
144 247
144 249
144 250
145 146
145 148
145 149
145 150
145 152
145 154
145 158
145 159
145 160
145 164
145 165
145 171
145 178
145 179
145 180
145 182
145 184
145 185
145 186
145 189
145 190
145 191
145 192
145 197
145 199
145 208
145 212
145 213
145 214
145 221
145 224
145 226
145 227
145 232
145 233
145 234
145 235
145 239
145 242
145 245
145 247
145 248
146 148
146 151
146 152
146 155
146 156
146 157
146 159
146 161
146 162
146 164
146 172
146 173
146 175
146 176
146 178
146 180
146 184
146 186
146 190
146 192
146 201
146 202
146 204
146 210
146 211
146 214
146 219
146 221
146 222
146 227
146 230
146 235
146 236
146 237
146 239
146 242
146 244
146 246
147 148
147 150
147 151
147 153
147 154
147 156
147 159
147 160
147 163
147 164
147 170
147 171
147 172
147 173
147 174
147 176
147 178
147 187
147 189
147 191
147 194
147 195
147 203
147 207
147 210
147 211
147 214
147 215
147 219
147 221
147 226
147 227
147 228
147 229
147 230
147 236
147 238
147 240
147 245
147 247
147 248
147 250
148 153
148 154
148 158
148 163
148 166
148 168
148 170
148 173
148 174
148 177
148 178
148 183
148 184
148 187
148 189
148 192
148 205
148 206
148 208
148 209
148 214
148 215
148 216
148 217
148 222
148 223
148 224
148 226
148 227
148 228
148 234
148 236
148 237
148 238
148 239
148 240
148 242
148 243
148 246
148 248
148 249
149 150
149 152
149 154
149 161
149 163
149 165
149 168
149 169
149 170
149 172
149 174
149 178
149 181
149 182
149 183
149 186
149 187
149 190
149 196
149 197
149 198
149 199
149 201
149 205
149 208
149 210
149 212
149 214
149 216
149 217
149 221
149 222
149 223
149 224
149 226
149 227
149 231
149 232
149 234
149 235
149 236
149 239
149 240
149 241
149 243
149 248
149 249
150 152
150 153
150 156
150 158
150 160
150 166
150 167
150 168
150 170
150 171
150 174
150 178
150 184
150 186
150 187
150 188
150 191
150 194
150 195
150 198
150 199
150 200
150 202
150 204
150 211
150 216
150 219
150 229
150 233
150 234
150 237
150 239
150 241
151 153
151 154
151 159
151 160
151 161
151 162
151 164
151 165
151 166
151 169
151 171
151 172
151 176
151 177
151 178
151 179
151 180
151 182
151 189
151 198
151 201
151 205
151 208
151 210
151 213
151 214
151 223
151 224
151 230
151 233
151 234
151 243
151 247
151 249
152 155
152 156
152 157
152 158
152 168
152 171
152 175
152 179
152 180
152 183
152 185
152 187
152 189
152 190
152 195
152 196
152 198
152 199
152 200
152 201
152 202
152 205
152 208
152 210
152 212
152 215
152 225
152 228
152 229
152 235
152 238
152 239
152 241
153 154
153 155
153 157
153 160
153 161
153 165
153 166
153 168
153 170
153 173
153 181
153 183
153 184
153 190
153 192
153 194
153 195
153 196
153 200
153 203
153 206
153 207
153 209
153 210
153 213
153 218
153 220
153 221
153 222
153 223
153 224
153 227
153 230
153 231
153 233
153 236
153 237
153 238
153 244
153 245
153 250
154 156
154 157
154 160
154 162
154 166
154 167
154 168
154 174
154 175
154 177
154 178
154 179
154 180
154 183
154 185
154 186
154 188
154 189
154 191
154 192
154 193
154 195
154 202
154 203
154 204
154 205
154 207
154 209
154 211
154 212
154 213
154 214
154 215
154 216
154 217
154 220
154 221
154 225
154 227
154 228
154 231
154 234
154 237
154 240
154 242
154 245
154 246
154 247
154 248
154 250
155 156
155 159
155 160
155 162
155 164
155 170
155 173
155 175
155 180
155 181
155 183
155 186
155 187
155 189
155 191
155 192
155 196
155 198
155 199
155 200
155 201
155 207
155 209
155 212
155 216
155 219
155 222
155 223
155 224
155 228
155 229
155 230
155 231
155 234
155 235
155 237
155 239
155 241
155 242
155 249
156 157
156 160
156 161
156 163
156 165
156 168
156 169
156 170
156 173
156 174
156 176
156 181
156 183
156 188
156 192
156 195
156 197
156 198
156 205
156 206
156 207
156 208
156 209
156 210
156 211
156 212
156 219
156 221
156 223
156 224
156 228
156 232
156 233
156 235
156 238
156 240
156 246
157 161
157 165
157 168
157 174
157 175
157 176
157 177
157 178
157 179
157 180
157 182
157 189
157 196
157 197
157 198
157 204
157 205
157 207
157 208
157 209
157 212
157 218
157 219
157 222
157 225
157 230
157 233
157 237
157 243
157 245
157 250
158 159
158 160
158 166
158 171
158 172
158 179
158 184
158 187
158 188
158 189
158 190
158 191
158 192
158 200
158 201
158 203
158 210
158 211
158 216
158 218
158 220
158 223
158 224
158 225
158 227
158 229
158 233
158 236
158 237
158 240
158 244
158 248
158 249
159 161
159 165
159 166
159 168
159 169
159 170
159 171
159 172
159 175
159 176
159 178
159 180
159 181
159 183
159 187
159 190
159 194
159 201
159 204
159 210
159 212
159 213
159 215
159 216
159 217
159 218
159 221
159 226
159 227
159 231
159 233
159 234
159 235
159 236
159 238
159 239
159 241
159 242
159 243
160 167
160 170
160 173
160 175
160 179
160 180
160 182
160 183
160 184
160 189
160 190
160 191
160 193
160 196
160 198
160 209
160 212
160 213
160 218
160 220
160 221
160 222
160 224
160 229
160 232
160 236
160 239
160 246
160 248
160 250
161 162
161 165
161 168
161 170
161 171
161 172
161 173
161 176
161 179
161 181
161 185
161 186
161 188
161 189
161 191
161 195
161 197
161 198
161 199
161 200
161 207
161 210
161 213
161 216
161 217
161 220
161 225
161 229
161 231
161 232
161 234
161 238
161 239
161 240
161 244
161 248
161 249
162 163
162 164
162 166
162 168
162 172
162 173
162 174
162 175
162 176
162 178
162 179
162 181
162 182
162 187
162 189
162 190
162 191
162 193
162 194
162 199
162 201
162 202
162 204
162 207
162 210
162 211
162 212
162 223
162 224
162 225
162 226
162 227
162 228
162 230
162 231
162 232
162 235
162 236
162 238
162 241
162 243
162 244
162 249
162 250
163 165
163 169
163 172
163 175
163 176
163 180
163 183
163 184
163 186
163 187
163 188
163 191
163 195
163 197
163 201
163 203
163 206
163 210
163 212
163 213
163 217
163 218
163 219
163 220
163 221
163 226
163 233
163 234
163 235
163 236
163 237
163 240
163 241
163 243
163 244
163 246
163 249
164 166
164 167
164 170
164 171
164 172
164 174
164 175
164 178
164 182
164 186
164 188
164 189
164 191
164 192
164 193
164 199
164 205
164 213
164 214
164 222
164 223
164 229
164 230
164 232
164 237
164 238
164 240
164 241
164 244
164 245
164 249
164 250
165 167
165 170
165 171
165 172
165 177
165 180
165 183
165 184
165 187
165 189
165 193
165 196
165 197
165 198
165 199
165 202
165 206
165 207
165 209
165 210
165 217
165 222
165 223
165 224
165 225
165 228
165 229
165 232
165 234
165 235
165 236
165 241
165 242
165 243
165 244
165 246
165 247
165 248
165 249
166 171
166 173
166 175
166 177
166 180
166 181
166 182
166 183
166 184
166 185
166 189
166 194
166 196
166 197
166 198
166 199
166 200
166 205
166 212
166 218
166 220
166 222
166 225
166 226
166 227
166 228
166 229
166 230
166 233
166 234
166 237
166 239
166 240
166 241
166 243
166 245
166 246
166 249
166 250
167 168
167 170
167 174
167 175
167 177
167 178
167 180
167 181
167 184
167 188
167 189
167 191
167 194
167 195
167 196
167 197
167 198
167 199
167 202
167 203
167 206
167 207
167 211
167 213
167 214
167 217
167 218
167 222
167 226
167 233
167 234
167 238
167 239
167 244
167 245
167 247
167 249
168 169
168 170
168 172
168 173
168 174
168 175
168 178
168 179
168 180
168 183
168 184
168 186
168 187
168 190
168 191
168 193
168 195
168 196
168 202
168 205
168 206
168 207
168 212
168 213
168 214
168 217
168 222
168 223
168 224
168 225
168 226
168 228
168 229
168 233
168 243
168 244
168 247
168 248
168 250
169 170
169 171
169 172
169 174
169 177
169 178
169 179
169 180
169 182
169 183
169 184
169 186
169 189
169 190
169 194
169 195
169 197
169 201
169 202
169 206
169 210
169 211
169 213
169 218
169 220
169 221
169 223
169 225
169 226
169 227
169 230
169 232
169 235
169 238
169 239
169 240
169 245
169 247
169 248
169 249
169 250
170 172
170 173
170 177
170 178
170 179
170 180
170 181
170 184
170 185
170 187
170 188
170 189
170 190
170 194
170 196
170 202
170 208
170 209
170 210
170 212
170 213
170 216
170 217
170 218
170 222
170 225
170 230
170 232
170 236
170 237
170 238
170 239
170 241
170 246
170 248
170 249
170 250
171 172
171 174
171 176
171 177
171 178
171 181
171 183
171 184
171 187
171 188
171 190
171 191
171 193
171 195
171 200
171 202
171 203
171 204
171 205
171 206
171 207
171 208
171 210
171 213
171 216
171 226
171 234
171 235
171 236
171 240
171 241
171 244
171 246
172 175
172 176
172 177
172 179
172 182
172 183
172 184
172 186
172 188
172 190
172 192
172 197
172 198
172 202
172 203
172 204
172 207
172 213
172 214
172 219
172 220
172 221
172 222
172 223
172 225
172 229
172 231
172 232
172 233
172 234
172 236
172 237
172 238
172 240
172 241
172 244
173 177
173 178
173 179
173 182
173 183
173 187
173 190
173 191
173 196
173 197
173 200
173 202
173 203
173 205
173 206
173 212
173 220
173 222
173 223
173 226
173 230
173 233
173 234
173 235
173 236
173 237
173 240
173 241
173 242
173 243
173 244
173 245
173 247
173 249
173 250
174 176
174 178
174 186
174 187
174 189
174 190
174 192
174 194
174 196
174 197
174 199
174 200
174 202
174 204
174 205
174 206
174 207
174 208
174 209
174 211
174 214
174 217
174 219
174 222
174 223
174 224
174 226
174 229
174 231
174 233
174 234
174 235
174 238
174 239
174 243
174 244
174 245
174 247
174 248
174 249
174 250
175 176
175 177
175 180
175 183
175 184
175 185
175 186
175 187
175 188
175 189
175 190
175 191
175 194
175 199
175 200
175 201
175 202
175 205
175 206
175 208
175 210
175 211
175 213
175 214
175 215
175 216
175 218
175 220
175 222
175 223
175 224
175 225
175 227
175 229
175 233
175 236
175 237
175 239
175 241
175 246
175 247
175 248
175 250
176 180
176 181
176 185
176 186
176 188
176 191
176 193
176 194
176 195
176 197
176 198
176 201
176 202
176 203
176 204
176 206
176 207
176 208
176 210
176 215
176 216
176 219
176 220
176 221
176 224
176 226
176 230
176 231
176 232
176 233
176 234
176 235
176 236
176 239
176 241
176 243
176 247
176 248
177 179
177 180
177 183
177 184
177 186
177 190
177 191
177 192
177 195
177 196
177 198
177 199
177 202
177 203
177 205
177 207
177 208
177 209
177 211
177 212
177 214
177 215
177 216
177 218
177 219
177 221
177 223
177 224
177 232
177 236
177 237
177 239
177 242
177 246
177 248
178 180
178 181
178 182
178 184
178 189
178 190
178 193
178 194
178 196
178 197
178 198
178 199
178 202
178 203
178 204
178 205
178 206
178 207
178 208
178 209
178 210
178 211
178 212
178 214
178 219
178 220
178 223
178 224
178 226
178 228
178 230
178 231
178 233
178 234
178 235
178 237
178 238
178 247
178 248
178 249
179 181
179 183
179 185
179 188
179 190
179 194
179 195
179 196
179 197
179 198
179 199
179 201
179 202
179 208
179 210
179 212
179 213
179 214
179 215
179 216
179 218
179 219
179 221
179 222
179 229
179 230
179 232
179 233
179 235
179 236
179 237
179 239
179 240
179 241
179 245
179 246
179 249
180 181
180 184
180 188
180 189
180 190
180 191
180 193
180 194
180 195
180 201
180 203
180 206
180 208
180 212
180 213
180 214
180 216
180 222
180 223
180 228
180 229
180 230
180 231
180 232
180 233
180 234
180 235
180 237
180 238
180 239
180 241
180 244
180 245
180 248
180 249
181 182
181 183
181 185
181 186
181 187
181 188
181 189
181 190
181 191
181 193
181 197
181 199
181 200
181 201
181 204
181 206
181 207
181 208
181 209
181 211
181 215
181 217
181 218
181 220
181 221
181 223
181 225
181 227
181 229
181 230
181 231
181 233
181 234
181 235
181 237
181 238
181 241
181 243
181 247
181 250
182 183
182 184
182 185
182 190
182 191
182 194
182 195
182 196
182 197
182 198
182 199
182 203
182 204
182 207
182 208
182 210
182 211
182 212
182 213
182 215
182 216
182 217
182 218
182 219
182 221
182 228
182 230
182 236
182 237
182 238
182 240
182 241
182 243
182 244
182 246
182 248
183 184
183 189
183 190
183 191
183 193
183 194
183 195
183 196
183 197
183 200
183 201
183 202
183 203
183 204
183 207
183 208
183 209
183 213
183 215
183 216
183 217
183 218
183 220
183 221
183 222
183 223
183 224
183 225
183 226
183 227
183 228
183 229
183 230
183 231
183 233
183 235
183 236
183 237
183 238
183 241
183 242
183 245
183 246
183 249
183 250
184 185
184 188
184 191
184 192
184 193
184 195
184 197
184 198
184 202
184 203
184 205
184 208
184 209
184 210
184 211
184 212
184 213
184 214
184 215
184 216
184 218
184 219
184 220
184 221
184 223
184 225
184 227
184 228
184 229
184 230
184 231
184 235
184 237
184 238
184 240
184 241
184 244
184 245
184 248
185 188
185 192
185 196
185 197
185 198
185 199
185 200
185 202
185 205
185 206
185 207
185 208
185 209
185 213
185 216
185 219
185 220
185 221
185 222
185 223
185 224
185 225
185 226
185 227
185 228
185 229
185 231
185 232
185 233
185 234
185 236
185 237
185 240
185 241
185 242
185 244
185 247
185 248
186 187
186 192
186 193
186 194
186 197
186 200
186 202
186 203
186 209
186 210
186 211
186 213
186 216
186 222
186 226
186 227
186 230
186 231
186 232
186 235
186 236
186 237
186 239
186 240
186 241
186 242
186 244
186 249
186 250
187 189
187 190
187 191
187 193
187 194
187 195
187 197
187 198
187 200
187 203
187 205
187 206
187 207
187 209
187 210
187 211
187 215
187 216
187 217
187 218
187 219
187 223
187 224
187 225
187 226
187 228
187 229
187 232
187 235
187 236
187 238
187 239
187 242
187 243
187 244
187 245
187 247
187 249
187 250
188 190
188 191
188 192
188 194
188 197
188 198
188 199
188 200
188 201
188 202
188 203
188 204
188 205
188 206
188 207
188 208
188 209
188 212
188 215
188 216
188 219
188 220
188 221
188 222
188 224
188 228
188 229
188 230
188 232
188 233
188 235
188 236
188 238
188 239
188 240
188 241
188 245
188 247
189 192
189 193
189 194
189 195
189 196
189 199
189 200
189 201
189 202
189 205
189 207
189 208
189 209
189 210
189 211
189 214
189 216
189 217
189 218
189 219
189 220
189 221
189 223
189 224
189 225
189 230
189 231
189 232
189 234
189 239
189 240
189 242
189 243
189 244
189 245
189 246
189 247
189 248
189 249
189 250
190 191
190 192
190 193
190 194
190 197
190 200
190 202
190 203
190 204
190 206
190 207
190 208
190 212
190 213
190 216
190 219
190 221
190 223
190 224
190 227
190 229
190 231
190 233
190 235
190 238
190 239
190 240
190 241
190 244
190 246
190 247
190 248
190 250
191 192
191 193
191 194
191 195
191 197
191 199
191 202
191 203
191 204
191 205
191 208
191 209
191 212
191 213
191 214
191 215
191 216
191 220
191 221
191 222
191 223
191 224
191 225
191 226
191 228
191 230
191 231
191 235
191 239
191 242
191 243
191 244
191 245
191 246
191 250
192 193
192 194
192 195
192 197
192 199
192 200
192 204
192 206
192 207
192 209
192 210
192 212
192 213
192 215
192 216
192 217
192 218
192 220
192 221
192 222
192 224
192 225
192 226
192 227
192 228
192 229
192 230
192 231
192 233
192 238
192 239
192 240
192 242
192 245
192 246
192 247
192 248
192 249
192 250
193 194
193 196
193 198
193 199
193 203
193 205
193 207
193 208
193 210
193 211
193 212
193 214
193 217
193 218
193 220
193 221
193 222
193 225
193 226
193 228
193 230
193 231
193 235
193 239
193 240
193 242
193 243
193 244
193 246
193 247
193 248
194 197
194 201
194 205
194 206
194 208
194 209
194 210
194 212
194 213
194 214
194 216
194 218
194 220
194 221
194 222
194 225
194 229
194 230
194 232
194 236
194 237
194 238
194 240
194 243
194 245
194 246
194 247
194 248
194 249
194 250
195 196
195 198
195 199
195 200
195 202
195 204
195 207
195 208
195 209
195 211
195 213
195 215
195 216
195 217
195 219
195 220
195 221
195 222
195 224
195 226
195 228
195 229
195 230
195 233
195 235
195 236
195 237
195 240
195 244
195 245
195 246
195 247
195 248
195 250
196 197
196 198
196 199
196 200
196 201
196 203
196 207
196 209
196 211
196 215
196 216
196 217
196 219
196 221
196 222
196 225
196 228
196 229
196 231
196 232
196 234
196 242
196 244
196 246
196 248
196 249
196 250
197 198
197 199
197 200
197 201
197 202
197 203
197 204
197 205
197 206
197 208
197 209
197 211
197 212
197 215
197 216
197 217
197 218
197 219
197 221
197 223
197 226
197 231
197 232
197 233
197 234
197 235
197 236
197 238
197 240
197 241
197 244
197 245
197 247
197 248
197 249
198 199
198 200
198 203
198 204
198 205
198 206
198 209
198 210
198 212
198 213
198 216
198 218
198 219
198 220
198 222
198 223
198 225
198 227
198 228
198 229
198 230
198 231
198 232
198 233
198 234
198 236
198 237
198 238
198 240
198 244
198 246
198 247
198 248
198 249
198 250
199 202
199 203
199 204
199 206
199 208
199 210
199 211
199 212
199 213
199 216
199 217
199 218
199 219
199 220
199 221
199 222
199 224
199 225
199 226
199 228
199 229
199 231
199 233
199 234
199 236
199 237
199 238
199 240
199 241
199 242
199 244
199 246
199 247
199 250
200 201
200 202
200 203
200 204
200 206
200 207
200 208
200 209
200 211
200 212
200 213
200 214
200 215
200 217
200 218
200 220
200 221
200 222
200 223
200 224
200 225
200 227
200 228
200 229
200 233
200 234
200 235
200 236
200 237
200 238
200 239
200 240
200 242
200 243
200 245
200 246
200 247
200 248
200 250
201 202
201 203
201 205
201 206
201 208
201 209
201 210
201 212
201 214
201 215
201 216
201 217
201 219
201 222
201 224
201 225
201 227
201 228
201 229
201 230
201 237
201 238
201 239
201 240
201 241
201 242
201 244
201 245
201 246
201 247
201 248
201 249
201 250
202 204
202 205
202 206
202 207
202 209
202 210
202 211
202 212
202 214
202 215
202 219
202 221
202 222
202 223
202 224
202 225
202 226
202 228
202 230
202 231
202 233
202 234
202 237
202 239
202 240
202 241
202 242
202 243
202 245
202 246
202 248
202 250
203 204
203 206
203 208
203 211
203 212
203 213
203 214
203 215
203 216
203 219
203 220
203 221
203 222
203 224
203 225
203 226
203 229
203 230
203 232
203 233
203 234
203 236
203 237
203 239
203 241
203 242
203 244
203 245
203 248
204 205
204 207
204 209
204 210
204 211
204 214
204 215
204 217
204 218
204 219
204 220
204 221
204 222
204 223
204 224
204 225
204 227
204 229
204 230
204 232
204 233
204 235
204 238
204 239
204 241
204 244
204 246
204 247
204 248
204 249
204 250
205 206
205 207
205 208
205 209
205 210
205 212
205 213
205 214
205 215
205 216
205 217
205 219
205 220
205 222
205 223
205 224
205 225
205 227
205 229
205 230
205 231
205 232
205 233
205 234
205 238
205 239
205 240
205 243
205 244
205 245
205 246
205 247
205 249
205 250
206 207
206 209
206 210
206 212
206 215
206 217
206 219
206 222
206 223
206 225
206 226
206 227
206 229
206 231
206 232
206 233
206 234
206 235
206 236
206 237
206 238
206 239
206 240
206 241
206 242
206 244
206 245
206 246
206 247
206 248
206 249
206 250
207 208
207 209
207 210
207 211
207 212
207 215
207 216
207 217
207 218
207 219
207 222
207 223
207 225
207 226
207 227
207 228
207 229
207 230
207 232
207 235
207 236
207 237
207 238
207 239
207 240
207 241
207 244
207 245
207 246
207 247
207 248
207 249
208 210
208 211
208 212
208 213
208 214
208 215
208 217
208 218
208 219
208 220
208 221
208 222
208 224
208 225
208 226
208 228
208 229
208 232
208 233
208 235
208 236
208 237
208 238
208 239
208 240
208 242
208 246
208 248
208 249
208 250
209 211
209 212
209 213
209 214
209 215
209 216
209 217
209 220
209 221
209 222
209 224
209 226
209 227
209 228
209 229
209 232
209 233
209 234
209 235
209 237
209 238
209 240
209 241
209 242
209 243
209 244
209 246
209 248
209 249
209 250
210 211
210 212
210 213
210 214
210 215
210 216
210 217
210 218
210 219
210 220
210 221
210 223
210 224
210 225
210 226
210 227
210 229
210 230
210 231
210 232
210 234
210 235
210 240
210 241
210 245
210 247
210 248
210 249
210 250
211 212
211 213
211 214
211 216
211 217
211 218
211 219
211 221
211 222
211 223
211 224
211 225
211 226
211 227
211 229
211 231
211 233
211 234
211 235
211 239
211 240
211 241
211 242
211 244
211 245
211 246
211 247
211 248
211 249
211 250
212 214
212 215
212 217
212 220
212 222
212 223
212 224
212 226
212 227
212 228
212 229
212 230
212 235
212 236
212 237
212 238
212 240
212 241
212 243
212 244
212 245
212 248
212 250
213 214
213 215
213 216
213 218
213 220
213 221
213 223
213 224
213 225
213 226
213 228
213 229
213 230
213 231
213 232
213 234
213 235
213 236
213 237
213 238
213 239
213 240
213 241
213 242
213 243
213 244
213 245
213 246
213 247
213 248
213 250
214 215
214 216
214 219
214 220
214 221
214 223
214 224
214 225
214 226
214 228
214 229
214 231
214 232
214 233
214 234
214 235
214 236
214 237
214 239
214 240
214 241
214 242
214 243
214 244
214 245
214 246
214 247
214 248
214 249
215 216
215 217
215 218
215 219
215 220
215 221
215 222
215 223
215 224
215 225
215 226
215 227
215 229
215 231
215 233
215 234
215 235
215 236
215 237
215 238
215 239
215 240
215 241
215 242
215 243
215 244
215 245
215 246
215 247
215 248
215 249
215 250
216 217
216 218
216 220
216 222
216 223
216 224
216 225
216 226
216 227
216 228
216 229
216 230
216 231
216 232
216 234
216 235
216 238
216 239
216 240
216 242
216 243
216 244
216 245
216 246
216 247
216 248
217 219
217 220
217 221
217 223
217 224
217 225
217 226
217 227
217 228
217 229
217 230
217 231
217 232
217 233
217 234
217 235
217 236
217 237
217 239
217 240
217 241
217 242
217 243
217 244
217 246
217 247
217 248
217 249
217 250
218 219
218 220
218 221
218 222
218 223
218 224
218 225
218 226
218 227
218 228
218 229
218 230
218 231
218 232
218 233
218 235
218 236
218 237
218 238
218 239
218 240
218 241
218 243
218 244
218 245
218 247
218 248
218 249
219 220
219 222
219 223
219 225
219 226
219 228
219 231
219 232
219 233
219 235
219 237
219 238
219 239
219 240
219 241
219 242
219 243
219 244
219 245
219 246
219 247
219 248
219 249
220 221
220 222
220 223
220 224
220 225
220 226
220 227
220 228
220 229
220 230
220 231
220 232
220 233
220 234
220 235
220 236
220 239
220 240
220 241
220 243
220 246
220 248
220 249
220 250
221 222
221 223
221 224
221 225
221 226
221 227
221 230
221 231
221 232
221 233
221 234
221 235
221 236
221 237
221 238
221 239
221 240
221 242
221 243
221 244
221 245
221 246
221 247
221 248
221 249
221 250
222 223
222 224
222 225
222 226
222 227
222 228
222 229
222 230
222 232
222 234
222 235
222 236
222 237
222 238
222 239
222 240
222 242
222 244
222 245
222 246
222 247
222 248
222 249
222 250
223 224
223 225
223 227
223 228
223 231
223 232
223 234
223 236
223 237
223 238
223 239
223 240
223 241
223 242
223 243
223 244
223 245
223 246
223 247
223 248
223 249
224 225
224 226
224 227
224 228
224 229
224 230
224 231
224 233
224 235
224 236
224 237
224 238
224 239
224 240
224 241
224 242
224 243
224 244
224 245
224 246
224 247
224 248
225 226
225 227
225 228
225 229
225 230
225 231
225 232
225 233
225 234
225 235
225 236
225 238
225 239
225 240
225 241
225 242
225 243
225 244
225 245
225 246
225 247
225 248
225 250
226 227
226 228
226 229
226 231
226 232
226 233
226 234
226 235
226 236
226 237
226 238
226 239
226 240
226 241
226 242
226 243
226 244
226 246
226 248
226 249
226 250
227 228
227 229
227 230
227 231
227 232
227 233
227 234
227 235
227 237
227 238
227 239
227 241
227 242
227 243
227 244
227 245
227 246
227 247
227 248
227 249
228 229
228 231
228 232
228 234
228 235
228 236
228 237
228 238
228 240
228 241
228 244
228 245
228 246
228 247
228 248
228 249
228 250
229 230
229 232
229 233
229 234
229 235
229 236
229 237
229 238
229 239
229 241
229 243
229 245
229 246
229 247
229 248
229 249
229 250
230 231
230 232
230 233
230 234
230 235
230 236
230 237
230 238
230 239
230 240
230 241
230 242
230 243
230 244
230 245
230 246
230 247
230 248
230 249
230 250
231 232
231 233
231 234
231 235
231 237
231 238
231 239
231 240
231 241
231 242
231 243
231 244
231 245
231 246
231 247
231 248
231 249
231 250
232 233
232 234
232 235
232 237
232 238
232 239
232 240
232 241
232 242
232 243
232 244
232 245
232 246
232 247
232 248
232 249
232 250
233 234
233 235
233 236
233 237
233 238
233 239
233 240
233 241
233 242
233 243
233 244
233 245
233 246
233 247
233 248
233 249
234 235
234 236
234 238
234 239
234 240
234 241
234 242
234 243
234 244
234 245
234 246
234 247
234 248
234 249
234 250
235 236
235 237
235 238
235 240
235 242
235 243
235 244
235 245
235 246
235 247
235 248
235 249
235 250
236 237
236 238
236 239
236 240
236 241
236 242
236 243
236 244
236 245
236 246
236 247
236 248
236 249
236 250
237 238
237 239
237 240
237 241
237 242
237 243
237 244
237 245
237 246
237 247
237 248
237 249
237 250
238 239
238 240
238 241
238 242
238 243
238 244
238 245
238 246
238 247
238 248
238 249
238 250
239 240
239 241
239 242
239 243
239 244
239 245
239 246
239 247
239 248
239 249
239 250
240 241
240 242
240 243
240 244
240 245
240 246
240 247
240 248
240 249
240 250
241 242
241 243
241 244
241 245
241 246
241 247
241 248
241 249
241 250
242 243
242 244
242 245
242 246
242 247
242 248
242 249
242 250
243 244
243 245
243 246
243 247
243 248
243 249
243 250
244 245
244 246
244 247
244 248
244 249
244 250
245 246
245 247
245 248
245 249
245 250
246 247
246 248
246 249
246 250
247 248
247 249
247 250
248 249
248 250
249 250
